319 237
319 238
319 239
319 240
319 241
319 242
319 243
319 244
319 245
319 246
319 247
319 248
319 249
319 250
319 251
319 252
319 253
319 254
319 255
319 256
319 257
319 258
319 259
319 260
319 261
319 262
319 263
319 264
319 265
319 266
319 267
319 268
319 269
319 270
319 271
319 272
319 273
319 274
319 275
319 276
319 277
319 278
319 279
319 280
319 281
319 282
319 283
319 284
319 285
319 286
319 287
320 288
320 289
320 290
320 291
320 292
320 293
320 294
320 295
320 296
320 297
320 298
320 299
320 300
320 301
320 302
320 303
320 304
320 305
320 306
320 307
320 308
320 309
320 310
320 311
320 312
320 313
320 314
320 315
320 316
320 317
320 318
320 319
320 320
320 321
320 322
320 323
320 324
320 325
320 326
320 327
320 328
320 329
320 330
320 331
320 332
320 333
320 334
320 335
320 336
320 337
-10 -10
667 230
667 231
667 232
667 233
667 234
667 235
667 236
667 237
667 238
667 239
667 240
667 241
667 242
667 243
667 244
667 245
667 246
667 247
667 248
667 249
667 250
667 251
667 252
667 253
667 254
667 255
668 256
668 257
668 258
668 259
668 260
668 261
668 262
668 263
668 264
668 265
668 266
668 267
668 268
668 269
668 270
668 271
668 272
668 273
668 274
668 275
668 276
668 277
668 278
668 279
668 280
668 281
668 282
668 283
668 284
668 285
668 286
668 287
668 288
668 289
668 290
668 291
668 292
668 293
668 294
668 295
668 296
668 297
668 298
668 299
668 300
668 301
668 302
668 303
668 304
668 305
668 306
669 307
669 308
669 309
669 310
669 311
669 312
669 313
669 314
669 315
669 316
669 317
669 318
669 319
669 320
669 321
669 322
669 323
669 324
669 325
669 326
669 327
669 328
669 329
669 330
669 331
-10 -10
348 370
349 370
350 370
351 370
352 370
353 370
354 370
355 370
356 370
357 370
358 370
359 370
360 370
361 370
362 370
363 370
364 370
365 370
366 370
367 370
368 370
369 370
370 370
371 370
372 370
373 370
374 370
375 370
376 370
377 370
378 370
379 370
380 370
381 370
382 370
383 370
384 370
385 369
386 369
387 369
388 369
389 369
390 369
391 369
392 369
393 369
394 369
395 369
396 369
397 369
398 369
399 369
400 369
401 369
402 369
403 369
404 369
405 369
406 369
407 369
408 369
409 369
410 369
411 369
412 369
413 369
414 369
415 369
416 369
417 369
418 369
419 369
420 369
421 369
422 369
423 369
424 369
425 369
426 369
427 369
428 369
429 369
430 369
431 369
432 369
433 369
434 369
435 369
436 369
437 369
438 369
439 369
440 369
441 369
442 369
443 369
444 369
445 369
446 369
447 369
448 369
449 369
450 369
451 369
452 369
453 369
454 369
455 369
456 369
457 369
458 368
459 368
460 368
461 368
462 368
463 368
464 368
465 368
466 368
467 368
468 368
469 368
470 368
471 368
472 368
473 368
474 368
475 368
476 368
477 368
478 368
479 368
480 368
481 368
482 368
483 368
484 368
485 368
486 368
487 368
488 368
489 368
490 368
491 368
492 368
493 368
494 368
495 368
496 368
497 368
498 368
499 368
500 368
501 368
502 368
503 368
504 368
505 368
506 368
507 368
508 368
509 368
510 368
511 368
512 368
513 368
514 368
515 368
516 368
517 368
518 368
519 368
520 368
521 368
522 368
523 368
524 368
525 368
526 368
527 368
528 368
529 368
530 368
531 367
532 367
533 367
534 367
535 367
536 367
537 367
538 367
539 367
540 367
541 367
542 367
543 367
544 367
545 367
546 367
547 367
548 367
549 367
550 367
551 367
552 367
553 367
554 367
555 367
556 367
557 367
558 367
559 367
560 367
561 367
562 367
563 367
564 367
565 367
566 367
567 367
568 367
569 367
570 367
571 367
572 367
573 367
574 367
575 367
576 367
577 367
578 367
579 367
580 367
581 367
582 367
583 367
584 367
585 367
586 367
587 367
588 367
589 367
590 367
591 367
592 367
593 367
594 367
595 367
596 367
597 367
598 367
599 367
600 367
601 367
602 367
603 367
604 366
605 366
606 366
607 366
608 366
609 366
610 366
611 366
612 366
613 366
614 366
615 366
616 366
617 366
618 366
619 366
620 366
621 366
622 366
623 366
624 366
625 366
626 366
627 366
628 366
629 366
630 366
631 366
632 366
633 366
634 366
635 366
636 366
637 366
638 366
639 366
640 366
641 366
642 366
643 366
644 366
645 366
646 366
647 366
648 366
649 366
650 366
651 366
652 366
653 366
654 366
655 366
656 366
657 366
658 366
659 366
660 366
661 366
662 366
663 366
664 366
665 366
666 366
667 366
668 366
669 366
670 366
671 366
672 366
673 366
674 366
675 366
676 366
677 365
678 365
679 365
680 365
681 365
682 365
683 365
684 365
685 365
686 365
687 365
688 365
689 365
690 365
691 365
692 365
693 365
694 365
695 365
696 365
697 365
698 365
699 365
700 365
701 365
702 365
703 365
704 365
705 365
706 365
707 365
708 365
709 365
710 365
711 365
712 365
-10 -10
310 506
311 506
312 506
313 506
314 506
315 506
316 506
317 506
318 506
319 506
320 506
321 506
322 506
323 506
324 506
325 506
326 506
327 505
328 505
329 505
330 505
331 505
332 505
333 505
334 505
335 505
336 505
337 505
338 505
339 505
340 505
341 505
342 505
343 505
344 505
345 505
346 505
347 505
348 505
349 505
350 505
351 505
352 505
353 505
354 505
355 505
356 505
357 505
358 505
359 505
360 504
361 504
362 504
363 504
364 504
365 504
366 504
367 504
368 504
369 504
370 504
371 504
372 504
373 504
374 504
375 504
376 504
377 504
378 504
379 504
380 504
381 504
382 504
383 504
384 504
385 504
386 504
387 504
388 504
389 504
390 504
391 504
392 504
393 503
394 503
395 503
396 503
397 503
398 503
399 503
400 503
401 503
402 503
403 503
404 503
405 503
406 503
407 503
408 503
409 503
410 503
411 503
412 503
413 503
414 503
415 503
416 503
417 503
418 503
419 503
420 503
421 503
422 503
423 503
424 503
425 503
426 502
427 502
428 502
429 502
430 502
431 502
432 502
433 502
434 502
435 502
436 502
437 502
438 502
439 502
440 502
441 502
442 502
443 502
444 502
445 502
446 502
447 502
448 502
449 502
450 502
451 502
452 502
453 502
454 502
455 502
456 502
457 502
458 502
459 501
460 501
461 501
462 501
463 501
464 501
465 501
466 501
467 501
468 501
469 501
470 501
471 501
472 501
473 501
474 501
475 501
476 501
477 501
478 501
479 501
480 501
481 501
482 501
483 501
484 501
485 501
486 501
487 501
488 501
489 501
490 501
491 501
492 500
493 500
494 500
495 500
496 500
497 500
498 500
499 500
500 500
501 500
502 500
503 500
504 500
505 500
506 500
507 500
508 500
509 500
510 500
511 500
512 500
513 500
514 500
515 500
516 500
517 500
518 500
519 500
520 500
521 500
522 500
523 500
524 499
525 499
526 499
527 499
528 499
529 499
530 499
531 499
532 499
533 499
534 499
535 499
536 499
537 499
538 499
539 499
540 499
541 499
542 499
543 499
544 499
545 499
546 499
547 499
548 499
549 499
550 499
551 499
552 499
553 499
554 499
555 499
556 499
557 498
558 498
559 498
560 498
561 498
562 498
563 498
564 498
565 498
566 498
567 498
568 498
569 498
570 498
571 498
572 498
573 498
574 498
575 498
576 498
577 498
578 498
579 498
580 498
581 498
582 498
583 498
584 498
585 498
586 498
587 498
588 498
589 498
590 497
591 497
592 497
593 497
594 497
595 497
596 497
597 497
598 497
599 497
600 497
601 497
602 497
603 497
604 497
605 497
606 497
607 497
608 497
609 497
610 497
611 497
612 497
613 497
614 497
615 497
616 497
617 497
618 497
619 497
620 497
621 497
622 497
623 496
624 496
625 496
626 496
627 496
628 496
629 496
630 496
631 496
632 496
633 496
634 496
635 496
636 496
637 496
638 496
639 496
640 496
641 496
642 496
643 496
644 496
645 496
646 496
647 496
648 496
649 496
650 496
651 496
652 496
653 496
654 496
655 496
656 495
657 495
658 495
659 495
660 495
661 495
662 495
663 495
664 495
665 495
666 495
667 495
668 495
669 495
670 495
671 495
672 495
673 495
674 495
675 495
676 495
677 495
678 495
679 495
680 495
681 495
682 495
683 495
684 495
685 495
686 495
687 495
688 495
689 494
690 494
691 494
692 494
693 494
694 494
695 494
696 494
697 494
698 494
699 494
700 494
701 494
702 494
703 494
704 494
-10 -10
