257 414
257 415
257 416
257 417
257 418
257 419
257 420
257 421
257 422
257 423
257 424
257 425
257 426
257 427
257 428
257 429
257 430
257 431
257 432
257 433
257 434
257 435
257 436
257 437
257 438
257 439
257 440
257 441
257 442
257 443
257 444
257 445
257 446
257 447
257 448
257 449
257 450
257 451
257 452
257 453
257 454
257 455
257 456
257 457
257 458
257 459
257 460
257 461
257 462
257 463
257 464
257 465
257 466
257 467
257 468
257 469
257 470
257 471
257 472
257 473
257 474
257 475
257 476
257 477
257 478
257 479
257 480
257 481
257 482
257 483
257 484
257 485
257 486
257 487
257 488
257 489
257 490
257 491
257 492
257 493
257 494
257 495
257 496
257 497
257 498
257 499
257 500
257 501
257 502
257 503
257 504
257 505
257 506
257 507
257 508
257 509
257 510
257 511
257 512
257 513
257 514
257 515
257 516
257 517
257 518
257 519
257 520
257 521
257 522
257 523
257 524
257 525
257 526
257 527
257 528
257 529
257 530
257 531
257 532
257 533
257 534
257 535
257 536
257 537
257 538
257 539
257 540
257 541
257 542
257 543
257 544
257 545
257 546
257 547
257 548
257 549
257 550
257 551
257 552
257 553
257 554
257 555
257 556
257 557
257 558
257 559
257 560
257 561
257 562
257 563
257 564
257 565
257 566
257 567
257 568
257 569
257 570
257 571
257 572
257 573
257 574
257 575
257 576
257 577
257 578
257 579
257 580
257 581
257 582
257 583
257 584
-10 -10
439 419
439 420
439 421
439 422
439 423
439 424
439 425
439 426
439 427
439 428
439 429
439 430
439 431
439 432
439 433
439 434
439 435
439 436
439 437
439 438
439 439
439 440
439 441
439 442
439 443
439 444
439 445
439 446
439 447
439 448
439 449
439 450
439 451
439 452
439 453
439 454
439 455
439 456
439 457
439 458
439 459
439 460
439 461
439 462
439 463
439 464
439 465
439 466
439 467
439 468
439 469
439 470
439 471
439 472
439 473
439 474
439 475
439 476
439 477
439 478
439 479
439 480
439 481
439 482
439 483
439 484
439 485
439 486
439 487
439 488
439 489
439 490
439 491
439 492
439 493
439 494
439 495
439 496
439 497
439 498
439 499
439 500
439 501
439 502
439 503
439 504
439 505
439 506
439 507
439 508
439 509
439 510
439 511
439 512
439 513
439 514
439 515
439 516
439 517
439 518
439 519
439 520
439 521
439 522
439 523
439 524
439 525
439 526
439 527
439 528
439 529
439 530
439 531
439 532
439 533
439 534
439 535
439 536
439 537
439 538
439 539
439 540
439 541
439 542
439 543
439 544
439 545
439 546
439 547
439 548
439 549
439 550
439 551
439 552
439 553
439 554
439 555
439 556
439 557
439 558
439 559
439 560
439 561
439 562
439 563
439 564
439 565
439 566
439 567
439 568
439 569
439 570
439 571
439 572
439 573
439 574
439 575
439 576
439 577
439 578
439 579
439 580
439 581
439 582
439 583
439 584
439 585
439 586
439 587
439 588
439 589
439 590
439 591
439 592
439 593
-10 -10
287 666
288 666
289 666
290 666
291 666
292 666
293 666
294 666
295 666
296 666
297 666
298 666
299 666
300 666
301 666
302 666
303 666
304 666
305 666
306 666
307 666
308 666
309 666
310 666
311 666
312 666
313 666
314 666
315 666
316 666
317 666
318 666
319 666
320 666
321 666
322 666
323 666
324 666
325 666
326 666
327 666
328 666
329 666
330 666
331 666
332 666
333 666
334 666
335 666
336 666
337 666
338 666
339 666
340 666
341 666
342 666
343 666
344 666
345 666
346 666
347 666
348 666
349 666
350 666
351 666
352 666
353 666
354 666
355 666
356 666
357 666
358 666
359 666
360 666
361 666
362 666
363 666
364 666
365 666
366 666
367 666
368 666
369 666
370 666
371 666
372 666
373 666
374 666
375 666
376 666
377 666
378 666
379 666
380 666
381 666
382 666
383 666
384 666
385 666
386 666
387 666
388 666
389 666
390 666
391 666
392 666
393 666
394 666
395 666
396 666
397 666
398 666
399 666
400 666
401 666
402 666
403 666
404 666
405 666
406 666
407 666
408 666
409 666
410 666
411 666
412 666
413 666
414 666
415 666
416 666
417 666
418 666
419 666
420 666
421 666
422 666
423 666
424 666
425 666
426 666
427 666
428 666
429 666
430 666
431 666
432 666
433 666
434 666
435 666
436 666
437 666
438 666
439 666
440 666
441 666
442 666
443 666
444 666
445 666
446 666
447 666
448 666
449 666
450 666
451 666
452 666
453 666
454 666
455 666
456 666
457 666
458 666
459 666
460 666
461 666
462 666
463 666
464 666
465 666
466 666
-10 -10
274 841
275 841
276 841
277 841
278 841
279 841
280 841
281 841
282 841
283 841
284 841
285 841
286 841
287 841
288 841
289 841
290 841
291 841
292 841
293 841
294 841
295 841
296 841
297 841
298 841
299 841
300 841
301 841
302 841
303 841
304 841
305 841
306 841
307 841
308 841
309 841
310 841
311 841
312 841
313 841
314 841
315 841
316 841
317 841
318 841
319 841
320 841
321 841
322 841
323 841
324 841
325 841
326 841
327 841
328 841
329 841
330 841
331 841
332 841
333 841
334 841
335 841
336 841
337 841
338 841
339 841
340 841
341 841
342 841
343 841
344 841
345 841
346 841
347 841
348 841
349 841
350 841
351 841
352 841
353 841
354 841
355 841
356 841
357 841
358 841
359 841
360 841
361 841
362 841
363 841
364 841
365 841
366 841
367 841
368 841
369 841
370 841
371 841
372 841
373 841
374 841
375 841
376 841
377 841
378 841
379 841
380 841
381 841
382 841
383 841
384 841
385 841
386 841
387 841
388 841
389 841
390 841
391 841
392 841
393 841
394 841
395 841
396 841
397 841
398 841
399 841
400 841
401 841
402 841
403 841
404 841
405 841
406 841
407 841
408 841
409 841
410 841
411 841
412 841
413 841
414 841
415 841
416 841
417 841
418 841
419 841
420 841
421 841
422 841
423 841
424 841
425 841
426 841
427 841
428 841
429 841
430 841
431 841
432 841
433 841
434 841
435 841
436 841
437 841
438 841
439 841
440 841
441 841
442 841
443 841
444 841
445 841
446 841
447 841
448 841
449 841
450 841
451 841
452 841
453 841
454 841
455 841
456 841
-10 -10
