294 292
294 293
294 294
294 295
294 296
294 297
294 298
294 299
294 300
294 301
294 302
294 303
294 304
294 305
294 306
294 307
294 308
294 309
294 310
294 311
294 312
294 313
294 314
294 315
294 316
294 317
294 318
294 319
294 320
294 321
294 322
294 323
294 324
294 325
294 326
294 327
294 328
294 329
294 330
294 331
294 332
294 333
294 334
294 335
294 336
294 337
294 338
294 339
294 340
294 341
294 342
294 343
294 344
294 345
294 346
294 347
294 348
294 349
294 350
294 351
294 352
294 353
294 354
294 355
294 356
294 357
294 358
294 359
294 360
294 361
294 362
294 363
294 364
294 365
294 366
294 367
294 368
294 369
294 370
294 371
294 372
294 373
294 374
294 375
294 376
294 377
294 378
294 379
294 380
294 381
294 382
294 383
294 384
294 385
294 386
294 387
294 388
294 389
294 390
294 391
294 392
294 393
294 394
294 395
294 396
294 397
294 398
294 399
294 400
294 401
294 402
294 403
294 404
294 405
294 406
294 407
294 408
294 409
294 410
294 411
294 412
294 413
294 414
294 415
294 416
294 417
294 418
294 419
294 420
294 421
294 422
294 423
294 424
294 425
294 426
294 427
294 428
294 429
294 430
294 431
294 432
294 433
294 434
294 435
294 436
294 437
294 438
294 439
294 440
294 441
294 442
294 443
294 444
294 445
294 446
294 447
294 448
294 449
294 450
294 451
294 452
294 453
294 454
294 455
294 456
294 457
294 458
294 459
294 460
294 461
294 462
294 463
294 464
294 465
294 466
294 467
294 468
294 469
294 470
294 471
294 472
294 473
294 474
294 475
294 476
294 477
294 478
294 479
294 480
294 481
294 482
294 483
294 484
294 485
294 486
294 487
294 488
294 489
294 490
294 491
294 492
294 493
294 494
294 495
294 496
294 497
294 498
294 499
294 500
294 501
294 502
294 503
294 504
294 505
294 506
294 507
294 508
294 509
294 510
294 511
294 512
294 513
294 514
294 515
294 516
294 517
294 518
294 519
294 520
294 521
294 522
294 523
294 524
294 525
294 526
294 527
294 528
294 529
294 530
294 531
294 532
294 533
294 534
294 535
294 536
294 537
294 538
294 539
294 540
294 541
294 542
294 543
294 544
294 545
294 546
294 547
294 548
294 549
294 550
294 551
294 552
294 553
294 554
294 555
294 556
294 557
294 558
294 559
294 560
294 561
294 562
294 563
294 564
294 565
294 566
294 567
294 568
294 569
294 570
294 571
294 572
294 573
294 574
294 575
294 576
294 577
294 578
294 579
294 580
294 581
294 582
294 583
294 584
294 585
294 586
294 587
294 588
294 589
294 590
294 591
294 592
294 593
294 594
294 595
294 596
294 597
294 598
294 599
294 600
294 601
294 602
294 603
294 604
294 605
294 606
294 607
294 608
294 609
294 610
294 611
294 612
294 613
294 614
294 615
294 616
294 617
294 618
294 619
294 620
294 621
294 622
294 623
294 624
294 625
294 626
294 627
294 628
294 629
294 630
294 631
294 632
294 633
294 634
294 635
294 636
294 637
294 638
294 639
294 640
294 641
294 642
294 643
294 644
294 645
-10 -10
572 294
572 295
572 296
572 297
572 298
572 299
572 300
572 301
572 302
572 303
572 304
572 305
572 306
572 307
572 308
572 309
572 310
572 311
572 312
572 313
572 314
572 315
572 316
572 317
572 318
572 319
572 320
572 321
572 322
572 323
572 324
572 325
572 326
572 327
572 328
572 329
572 330
572 331
572 332
572 333
572 334
572 335
572 336
572 337
572 338
572 339
572 340
572 341
572 342
572 343
572 344
572 345
572 346
572 347
572 348
572 349
572 350
572 351
572 352
572 353
572 354
572 355
572 356
572 357
572 358
572 359
572 360
572 361
572 362
572 363
572 364
572 365
572 366
572 367
572 368
572 369
572 370
572 371
572 372
572 373
572 374
572 375
572 376
572 377
572 378
572 379
572 380
572 381
571 382
571 383
571 384
571 385
571 386
571 387
571 388
571 389
571 390
571 391
571 392
571 393
571 394
571 395
571 396
571 397
571 398
571 399
571 400
571 401
571 402
571 403
571 404
571 405
571 406
571 407
571 408
571 409
571 410
571 411
571 412
571 413
571 414
571 415
571 416
571 417
571 418
571 419
571 420
571 421
571 422
571 423
571 424
571 425
571 426
571 427
571 428
571 429
571 430
571 431
571 432
571 433
571 434
571 435
571 436
571 437
571 438
571 439
571 440
571 441
571 442
571 443
571 444
571 445
571 446
571 447
571 448
571 449
571 450
571 451
571 452
571 453
571 454
571 455
571 456
571 457
571 458
571 459
571 460
571 461
571 462
571 463
571 464
571 465
571 466
571 467
571 468
571 469
571 470
571 471
571 472
571 473
571 474
571 475
571 476
571 477
571 478
571 479
571 480
571 481
571 482
571 483
571 484
571 485
571 486
571 487
571 488
571 489
571 490
571 491
571 492
571 493
571 494
571 495
571 496
571 497
571 498
571 499
571 500
571 501
571 502
571 503
571 504
571 505
571 506
571 507
571 508
571 509
571 510
571 511
571 512
571 513
571 514
571 515
571 516
571 517
571 518
571 519
571 520
571 521
571 522
571 523
571 524
571 525
571 526
571 527
571 528
571 529
571 530
571 531
571 532
571 533
571 534
571 535
571 536
571 537
571 538
571 539
571 540
571 541
571 542
571 543
571 544
571 545
571 546
571 547
571 548
571 549
571 550
571 551
571 552
571 553
571 554
571 555
571 556
570 557
570 558
570 559
570 560
570 561
570 562
570 563
570 564
570 565
570 566
570 567
570 568
570 569
570 570
570 571
570 572
570 573
570 574
570 575
570 576
570 577
570 578
570 579
570 580
570 581
570 582
570 583
570 584
570 585
570 586
570 587
570 588
570 589
570 590
570 591
570 592
570 593
570 594
570 595
570 596
570 597
570 598
570 599
570 600
570 601
570 602
570 603
570 604
570 605
570 606
570 607
570 608
570 609
570 610
570 611
570 612
570 613
570 614
570 615
570 616
570 617
570 618
570 619
570 620
570 621
570 622
570 623
570 624
570 625
570 626
570 627
570 628
570 629
570 630
570 631
570 632
570 633
570 634
570 635
570 636
570 637
570 638
570 639
570 640
570 641
570 642
570 643
-10 -10
290 737
291 737
292 737
293 737
294 737
295 737
296 737
297 737
298 737
299 737
300 737
301 737
302 737
303 737
304 737
305 737
306 737
307 737
308 737
309 737
310 737
311 737
312 737
313 737
314 737
315 737
316 737
317 737
318 737
319 737
320 737
321 737
322 737
323 737
324 737
325 737
326 737
327 737
328 737
329 737
330 737
331 737
332 737
333 737
334 737
335 737
336 737
337 737
338 737
339 737
340 737
341 737
342 737
343 737
344 737
345 737
346 737
347 737
348 737
349 737
350 737
351 737
352 737
353 737
354 737
355 737
356 737
357 737
358 737
359 737
360 737
361 737
362 737
363 737
364 737
365 737
366 737
367 737
368 737
369 737
370 737
371 737
372 737
373 737
374 737
375 737
376 737
377 737
378 737
379 737
380 737
381 737
382 737
383 737
384 737
385 737
386 737
387 737
388 737
389 737
390 737
391 737
392 737
393 737
394 737
395 737
396 737
397 737
398 737
399 737
400 737
401 737
402 737
403 737
404 737
405 737
406 737
407 737
408 737
409 737
410 737
411 737
412 737
413 737
414 737
415 737
416 737
417 737
418 737
419 737
420 737
421 737
422 737
423 737
424 737
425 737
426 737
427 737
428 737
429 737
430 737
431 737
432 737
433 737
434 737
435 737
436 737
437 737
438 737
439 737
440 737
441 737
442 737
443 737
444 737
445 737
446 737
447 737
448 737
449 737
450 737
451 737
452 737
453 737
454 737
455 737
456 737
457 737
458 737
459 737
460 737
461 737
462 737
463 737
464 737
465 737
466 737
467 737
468 737
469 737
470 737
471 737
472 737
473 737
474 737
475 737
476 737
477 737
478 737
479 737
480 737
481 737
482 737
483 737
484 737
485 737
486 737
487 737
488 737
489 737
490 737
491 737
492 737
493 737
494 737
495 737
496 737
497 737
498 737
499 737
500 737
501 737
502 737
503 737
504 737
505 737
506 737
507 737
508 737
509 737
510 737
511 737
512 737
513 737
514 737
515 737
516 737
517 737
518 737
519 737
520 737
521 737
522 737
523 737
524 737
525 737
526 737
527 737
528 737
529 737
530 737
531 737
532 737
533 737
534 737
535 737
536 737
537 737
538 737
539 737
540 737
541 737
542 737
543 737
544 737
545 737
546 737
547 737
548 737
549 737
550 737
551 737
552 737
553 737
554 737
555 737
556 737
557 737
558 737
559 737
560 737
561 737
562 737
563 737
564 737
565 737
566 737
567 737
568 737
569 737
570 737
571 737
572 737
573 737
574 737
575 737
576 737
577 737
578 737
579 737
580 737
581 737
582 737
583 737
584 737
585 737
586 737
587 737
588 737
589 737
590 737
591 737
592 737
593 737
594 737
595 737
596 737
597 737
598 737
599 737
600 737
601 737
602 737
603 737
604 737
605 737
606 737
607 737
608 737
609 737
610 737
611 737
612 737
613 737
614 737
615 737
616 737
617 737
618 737
619 737
620 737
621 737
622 737
623 737
624 737
625 737
626 737
627 737
628 737
629 737
630 737
631 737
632 737
633 737
634 737
635 737
636 737
637 737
638 737
639 737
640 737
641 737
642 737
643 737
644 737
645 737
-10 -10
281 1027
282 1027
283 1027
284 1027
285 1027
286 1027
287 1027
288 1027
289 1027
290 1027
291 1027
292 1027
293 1027
294 1027
295 1027
296 1027
297 1027
298 1027
299 1027
300 1027
301 1027
302 1027
303 1027
304 1028
305 1028
306 1028
307 1028
308 1028
309 1028
310 1028
311 1028
312 1028
313 1028
314 1028
315 1028
316 1028
317 1028
318 1028
319 1028
320 1028
321 1028
322 1028
323 1028
324 1028
325 1028
326 1028
327 1028
328 1028
329 1028
330 1028
331 1028
332 1028
333 1028
334 1028
335 1028
336 1028
337 1028
338 1028
339 1028
340 1028
341 1028
342 1028
343 1028
344 1028
345 1028
346 1028
347 1028
348 1029
349 1029
350 1029
351 1029
352 1029
353 1029
354 1029
355 1029
356 1029
357 1029
358 1029
359 1029
360 1029
361 1029
362 1029
363 1029
364 1029
365 1029
366 1029
367 1029
368 1029
369 1029
370 1029
371 1029
372 1029
373 1029
374 1029
375 1029
376 1029
377 1029
378 1029
379 1029
380 1029
381 1029
382 1029
383 1029
384 1029
385 1029
386 1029
387 1029
388 1029
389 1029
390 1029
391 1029
392 1029
393 1030
394 1030
395 1030
396 1030
397 1030
398 1030
399 1030
400 1030
401 1030
402 1030
403 1030
404 1030
405 1030
406 1030
407 1030
408 1030
409 1030
410 1030
411 1030
412 1030
413 1030
414 1030
415 1030
416 1030
417 1030
418 1030
419 1030
420 1030
421 1030
422 1030
423 1030
424 1030
425 1030
426 1030
427 1030
428 1030
429 1030
430 1030
431 1030
432 1030
433 1030
434 1030
435 1030
436 1030
437 1031
438 1031
439 1031
440 1031
441 1031
442 1031
443 1031
444 1031
445 1031
446 1031
447 1031
448 1031
449 1031
450 1031
451 1031
452 1031
453 1031
454 1031
455 1031
456 1031
457 1031
458 1031
459 1031
460 1031
461 1031
462 1031
463 1031
464 1031
465 1031
466 1031
467 1031
468 1031
469 1031
470 1031
471 1031
472 1031
473 1031
474 1031
475 1031
476 1031
477 1031
478 1031
479 1031
480 1031
481 1031
482 1032
483 1032
484 1032
485 1032
486 1032
487 1032
488 1032
489 1032
490 1032
491 1032
492 1032
493 1032
494 1032
495 1032
496 1032
497 1032
498 1032
499 1032
500 1032
501 1032
502 1032
503 1032
504 1032
505 1032
506 1032
507 1032
508 1032
509 1032
510 1032
511 1032
512 1032
513 1032
514 1032
515 1032
516 1032
517 1032
518 1032
519 1032
520 1032
521 1032
522 1032
523 1032
524 1032
525 1032
526 1033
527 1033
528 1033
529 1033
530 1033
531 1033
532 1033
533 1033
534 1033
535 1033
536 1033
537 1033
538 1033
539 1033
540 1033
541 1033
542 1033
543 1033
544 1033
545 1033
546 1033
547 1033
548 1033
549 1033
550 1033
551 1033
552 1033
553 1033
554 1033
555 1033
556 1033
557 1033
558 1033
559 1033
560 1033
561 1033
562 1033
563 1033
564 1033
565 1033
566 1033
567 1033
568 1033
569 1033
570 1033
571 1034
572 1034
573 1034
574 1034
575 1034
576 1034
577 1034
578 1034
579 1034
580 1034
581 1034
582 1034
583 1034
584 1034
585 1034
586 1034
587 1034
588 1034
589 1034
590 1034
591 1034
592 1034
593 1034
594 1034
595 1034
596 1034
597 1034
598 1034
599 1034
600 1034
601 1034
602 1034
603 1034
604 1034
605 1034
606 1034
607 1034
608 1034
609 1034
610 1034
611 1034
612 1034
613 1034
614 1034
615 1035
616 1035
617 1035
618 1035
619 1035
620 1035
621 1035
622 1035
623 1035
624 1035
625 1035
626 1035
627 1035
628 1035
629 1035
630 1035
631 1035
632 1035
633 1035
634 1035
635 1035
636 1035
-10 -10
