233 314
233 315
233 316
233 317
233 318
233 319
233 320
233 321
233 322
233 323
233 324
233 325
233 326
233 327
233 328
233 329
233 330
233 331
233 332
233 333
233 334
233 335
233 336
233 337
233 338
233 339
233 340
232 341
232 342
232 343
232 344
232 345
232 346
232 347
232 348
232 349
232 350
232 351
232 352
232 353
232 354
232 355
232 356
232 357
232 358
232 359
232 360
232 361
232 362
232 363
232 364
232 365
232 366
232 367
232 368
232 369
232 370
232 371
232 372
232 373
232 374
232 375
232 376
232 377
232 378
232 379
232 380
232 381
232 382
232 383
232 384
232 385
232 386
232 387
232 388
232 389
232 390
232 391
232 392
232 393
232 394
231 395
231 396
231 397
231 398
231 399
231 400
231 401
231 402
231 403
231 404
231 405
231 406
231 407
231 408
231 409
231 410
231 411
231 412
231 413
231 414
231 415
231 416
231 417
231 418
231 419
231 420
231 421
231 422
231 423
231 424
231 425
231 426
231 427
231 428
231 429
231 430
231 431
231 432
231 433
231 434
231 435
231 436
231 437
231 438
231 439
231 440
231 441
231 442
231 443
231 444
231 445
231 446
231 447
231 448
230 449
230 450
230 451
230 452
230 453
230 454
230 455
230 456
230 457
230 458
230 459
230 460
230 461
230 462
230 463
230 464
230 465
230 466
230 467
230 468
230 469
230 470
230 471
230 472
230 473
230 474
230 475
230 476
230 477
230 478
230 479
230 480
230 481
230 482
230 483
230 484
230 485
230 486
230 487
230 488
230 489
230 490
230 491
230 492
230 493
230 494
230 495
230 496
230 497
230 498
230 499
230 500
230 501
230 502
229 503
229 504
229 505
229 506
229 507
229 508
229 509
229 510
229 511
229 512
229 513
229 514
229 515
229 516
229 517
229 518
229 519
229 520
229 521
229 522
229 523
229 524
229 525
229 526
229 527
229 528
229 529
229 530
229 531
229 532
229 533
229 534
229 535
229 536
229 537
229 538
229 539
229 540
229 541
229 542
229 543
229 544
229 545
229 546
229 547
229 548
229 549
229 550
229 551
229 552
229 553
229 554
229 555
229 556
228 557
228 558
228 559
228 560
228 561
228 562
228 563
228 564
228 565
228 566
228 567
228 568
228 569
228 570
228 571
228 572
228 573
228 574
228 575
228 576
228 577
228 578
228 579
228 580
228 581
228 582
228 583
228 584
228 585
228 586
228 587
228 588
228 589
228 590
228 591
228 592
228 593
228 594
228 595
228 596
228 597
228 598
228 599
228 600
228 601
228 602
228 603
228 604
228 605
228 606
228 607
228 608
228 609
228 610
227 611
227 612
227 613
227 614
227 615
227 616
227 617
227 618
227 619
227 620
227 621
227 622
227 623
227 624
227 625
227 626
227 627
227 628
227 629
227 630
227 631
227 632
227 633
227 634
227 635
227 636
-10 -10
481 331
481 332
481 333
481 334
481 335
481 336
481 337
481 338
481 339
481 340
481 341
481 342
481 343
481 344
481 345
481 346
481 347
481 348
481 349
481 350
481 351
481 352
481 353
481 354
481 355
481 356
481 357
481 358
481 359
481 360
481 361
481 362
481 363
481 364
481 365
481 366
481 367
481 368
481 369
482 370
482 371
482 372
482 373
482 374
482 375
482 376
482 377
482 378
482 379
482 380
482 381
482 382
482 383
482 384
482 385
482 386
482 387
482 388
482 389
482 390
482 391
482 392
482 393
482 394
482 395
482 396
482 397
482 398
482 399
482 400
482 401
482 402
482 403
482 404
482 405
482 406
482 407
482 408
482 409
482 410
482 411
482 412
482 413
482 414
482 415
482 416
482 417
482 418
482 419
482 420
482 421
482 422
482 423
482 424
482 425
482 426
482 427
482 428
482 429
482 430
482 431
482 432
482 433
482 434
482 435
482 436
482 437
482 438
482 439
482 440
482 441
482 442
482 443
482 444
482 445
483 446
483 447
483 448
483 449
483 450
483 451
483 452
483 453
483 454
483 455
483 456
483 457
483 458
483 459
483 460
483 461
483 462
483 463
483 464
483 465
483 466
483 467
483 468
483 469
483 470
483 471
483 472
483 473
483 474
483 475
483 476
483 477
483 478
483 479
483 480
483 481
483 482
483 483
483 484
483 485
483 486
483 487
483 488
483 489
483 490
483 491
483 492
483 493
483 494
483 495
483 496
483 497
483 498
483 499
483 500
483 501
483 502
483 503
483 504
483 505
483 506
483 507
483 508
483 509
483 510
483 511
483 512
483 513
483 514
483 515
483 516
483 517
483 518
483 519
483 520
483 521
484 522
484 523
484 524
484 525
484 526
484 527
484 528
484 529
484 530
484 531
484 532
484 533
484 534
484 535
484 536
484 537
484 538
484 539
484 540
484 541
484 542
484 543
484 544
484 545
484 546
484 547
484 548
484 549
484 550
484 551
484 552
484 553
484 554
484 555
484 556
484 557
484 558
484 559
484 560
484 561
484 562
484 563
484 564
484 565
484 566
484 567
484 568
484 569
484 570
484 571
484 572
484 573
484 574
484 575
484 576
484 577
484 578
484 579
484 580
484 581
484 582
484 583
484 584
484 585
484 586
484 587
484 588
484 589
484 590
484 591
484 592
484 593
484 594
484 595
484 596
484 597
485 598
485 599
485 600
485 601
485 602
485 603
485 604
485 605
485 606
485 607
485 608
485 609
485 610
485 611
485 612
485 613
485 614
485 615
485 616
485 617
485 618
485 619
485 620
485 621
485 622
485 623
485 624
485 625
485 626
485 627
485 628
485 629
485 630
485 631
485 632
485 633
485 634
-10 -10
218 709
219 709
220 709
221 709
222 709
223 709
224 709
225 709
226 709
227 709
228 709
229 709
230 709
231 709
232 709
233 709
234 709
235 709
236 709
237 709
238 709
239 709
240 709
241 709
242 709
243 709
244 709
245 709
246 709
247 709
248 709
249 709
250 709
251 709
252 709
253 709
254 709
255 709
256 709
257 709
258 709
259 709
260 709
261 709
262 709
263 709
264 709
265 709
266 709
267 709
268 709
269 709
270 709
271 710
272 710
273 710
274 710
275 710
276 710
277 710
278 710
279 710
280 710
281 710
282 710
283 710
284 710
285 710
286 710
287 710
288 710
289 710
290 710
291 710
292 710
293 710
294 710
295 710
296 710
297 710
298 710
299 710
300 710
301 710
302 710
303 710
304 710
305 710
306 710
307 710
308 710
309 710
310 710
311 710
312 710
313 710
314 710
315 710
316 710
317 710
318 710
319 710
320 710
321 710
322 710
323 710
324 710
325 710
326 710
327 710
328 710
329 710
330 710
331 710
332 710
333 710
334 710
335 710
336 710
337 710
338 710
339 710
340 710
341 710
342 710
343 710
344 710
345 710
346 710
347 710
348 710
349 710
350 710
351 710
352 710
353 710
354 710
355 710
356 710
357 710
358 710
359 710
360 710
361 710
362 710
363 710
364 710
365 710
366 710
367 710
368 710
369 710
370 710
371 710
372 710
373 710
374 710
375 710
376 710
377 711
378 711
379 711
380 711
381 711
382 711
383 711
384 711
385 711
386 711
387 711
388 711
389 711
390 711
391 711
392 711
393 711
394 711
395 711
396 711
397 711
398 711
399 711
400 711
401 711
402 711
403 711
404 711
405 711
406 711
407 711
408 711
409 711
410 711
411 711
412 711
413 711
414 711
415 711
416 711
417 711
418 711
419 711
420 711
421 711
422 711
423 711
424 711
425 711
426 711
427 711
428 711
429 711
430 711
431 711
432 711
433 711
434 711
435 711
436 711
437 711
438 711
439 711
440 711
441 711
442 711
443 711
444 711
445 711
446 711
447 711
448 711
449 711
450 711
451 711
452 711
453 711
454 711
455 711
456 711
457 711
458 711
459 711
460 711
461 711
462 711
463 711
464 711
465 711
466 711
467 711
468 711
469 711
470 711
471 711
472 711
473 711
474 711
475 711
476 711
477 711
478 711
479 711
480 711
481 711
482 711
483 712
484 712
485 712
486 712
487 712
488 712
489 712
490 712
491 712
492 712
493 712
494 712
495 712
496 712
497 712
498 712
499 712
500 712
501 712
502 712
503 712
504 712
505 712
506 712
507 712
508 712
509 712
510 712
511 712
512 712
513 712
514 712
515 712
516 712
517 712
518 712
519 712
520 712
521 712
522 712
523 712
524 712
525 712
526 712
527 712
528 712
529 712
530 712
531 712
532 712
533 712
534 712
-10 -10
203 920
204 920
205 920
206 920
207 920
208 920
209 920
210 920
211 920
212 920
213 920
214 920
215 920
216 920
217 920
218 920
219 920
220 920
221 920
222 920
223 920
224 920
225 920
226 920
227 921
228 921
229 921
230 921
231 921
232 921
233 921
234 921
235 921
236 921
237 921
238 921
239 921
240 921
241 921
242 921
243 921
244 921
245 921
246 921
247 921
248 921
249 921
250 921
251 921
252 921
253 921
254 921
255 921
256 921
257 921
258 921
259 921
260 921
261 921
262 921
263 921
264 921
265 921
266 921
267 921
268 921
269 921
270 921
271 921
272 921
273 921
274 921
275 922
276 922
277 922
278 922
279 922
280 922
281 922
282 922
283 922
284 922
285 922
286 922
287 922
288 922
289 922
290 922
291 922
292 922
293 922
294 922
295 922
296 922
297 922
298 922
299 922
300 922
301 922
302 922
303 922
304 922
305 922
306 922
307 922
308 922
309 922
310 922
311 922
312 922
313 922
314 922
315 922
316 922
317 922
318 922
319 922
320 922
321 922
322 922
323 923
324 923
325 923
326 923
327 923
328 923
329 923
330 923
331 923
332 923
333 923
334 923
335 923
336 923
337 923
338 923
339 923
340 923
341 923
342 923
343 923
344 923
345 923
346 923
347 923
348 923
349 923
350 923
351 923
352 923
353 923
354 923
355 923
356 923
357 923
358 923
359 923
360 923
361 923
362 923
363 923
364 923
365 923
366 923
367 923
368 923
369 923
370 923
371 924
372 924
373 924
374 924
375 924
376 924
377 924
378 924
379 924
380 924
381 924
382 924
383 924
384 924
385 924
386 924
387 924
388 924
389 924
390 924
391 924
392 924
393 924
394 924
395 924
396 924
397 924
398 924
399 924
400 924
401 924
402 924
403 924
404 924
405 924
406 924
407 924
408 924
409 924
410 924
411 924
412 924
413 924
414 924
415 924
416 924
417 924
418 924
419 925
420 925
421 925
422 925
423 925
424 925
425 925
426 925
427 925
428 925
429 925
430 925
431 925
432 925
433 925
434 925
435 925
436 925
437 925
438 925
439 925
440 925
441 925
442 925
443 925
444 925
445 925
446 925
447 925
448 925
449 925
450 925
451 925
452 925
453 925
454 925
455 925
456 925
457 925
458 925
459 925
460 925
461 925
462 925
463 925
464 925
465 925
466 925
467 926
468 926
469 926
470 926
471 926
472 926
473 926
474 926
475 926
476 926
477 926
478 926
479 926
480 926
481 926
482 926
483 926
484 926
485 926
486 926
487 926
488 926
489 926
490 926
491 926
492 926
493 926
494 926
495 926
496 926
497 926
498 926
499 926
500 926
501 926
502 926
503 926
504 926
505 926
506 926
507 926
508 926
509 926
510 926
511 926
512 926
513 926
514 926
515 927
516 927
517 927
518 927
519 927
520 927
521 927
522 927
523 927
524 927
525 927
526 927
527 927
528 927
529 927
530 927
531 927
532 927
533 927
534 927
535 927
536 927
537 927
-10 -10
