278 360
278 361
278 362
278 363
278 364
278 365
278 366
278 367
278 368
278 369
278 370
278 371
278 372
278 373
277 374
277 375
277 376
277 377
277 378
277 379
277 380
277 381
277 382
277 383
277 384
277 385
277 386
277 387
277 388
277 389
277 390
277 391
277 392
277 393
277 394
277 395
277 396
277 397
277 398
277 399
276 400
276 401
276 402
276 403
276 404
276 405
276 406
276 407
276 408
276 409
276 410
276 411
276 412
276 413
276 414
276 415
276 416
276 417
276 418
276 419
276 420
276 421
276 422
276 423
276 424
276 425
275 426
275 427
275 428
275 429
275 430
275 431
275 432
275 433
275 434
275 435
275 436
275 437
275 438
275 439
275 440
275 441
275 442
275 443
275 444
275 445
275 446
275 447
275 448
275 449
275 450
275 451
274 452
274 453
274 454
274 455
274 456
274 457
274 458
274 459
274 460
274 461
274 462
274 463
274 464
274 465
274 466
274 467
274 468
274 469
274 470
274 471
274 472
274 473
274 474
274 475
274 476
274 477
274 478
273 479
273 480
273 481
273 482
273 483
273 484
273 485
273 486
273 487
273 488
273 489
273 490
273 491
273 492
273 493
273 494
273 495
273 496
273 497
273 498
273 499
273 500
273 501
273 502
273 503
273 504
272 505
272 506
272 507
272 508
272 509
272 510
272 511
272 512
272 513
272 514
272 515
272 516
272 517
272 518
272 519
272 520
272 521
272 522
272 523
272 524
272 525
272 526
272 527
272 528
272 529
272 530
271 531
271 532
271 533
271 534
271 535
271 536
271 537
271 538
271 539
271 540
271 541
271 542
271 543
271 544
271 545
271 546
271 547
271 548
271 549
271 550
271 551
271 552
271 553
271 554
271 555
271 556
270 557
270 558
270 559
270 560
270 561
270 562
270 563
270 564
270 565
270 566
270 567
270 568
270 569
270 570
270 571
270 572
270 573
270 574
270 575
270 576
270 577
270 578
270 579
270 580
270 581
270 582
269 583
269 584
269 585
269 586
269 587
269 588
269 589
269 590
269 591
269 592
269 593
269 594
269 595
-10 -10
489 369
489 370
489 371
489 372
489 373
489 374
489 375
489 376
489 377
489 378
489 379
489 380
489 381
489 382
489 383
489 384
489 385
489 386
489 387
489 388
488 389
488 390
488 391
488 392
488 393
488 394
488 395
488 396
488 397
488 398
488 399
488 400
488 401
488 402
488 403
488 404
488 405
488 406
488 407
488 408
488 409
488 410
488 411
488 412
488 413
488 414
488 415
488 416
488 417
488 418
488 419
488 420
488 421
488 422
488 423
488 424
488 425
488 426
488 427
487 428
487 429
487 430
487 431
487 432
487 433
487 434
487 435
487 436
487 437
487 438
487 439
487 440
487 441
487 442
487 443
487 444
487 445
487 446
487 447
487 448
487 449
487 450
487 451
487 452
487 453
487 454
487 455
487 456
487 457
487 458
487 459
487 460
487 461
487 462
487 463
487 464
487 465
487 466
487 467
486 468
486 469
486 470
486 471
486 472
486 473
486 474
486 475
486 476
486 477
486 478
486 479
486 480
486 481
486 482
486 483
486 484
486 485
486 486
486 487
486 488
486 489
486 490
486 491
486 492
486 493
486 494
486 495
486 496
486 497
486 498
486 499
486 500
486 501
486 502
486 503
486 504
486 505
486 506
485 507
485 508
485 509
485 510
485 511
485 512
485 513
485 514
485 515
485 516
485 517
485 518
485 519
485 520
485 521
485 522
485 523
485 524
485 525
485 526
485 527
485 528
485 529
485 530
485 531
485 532
485 533
485 534
485 535
485 536
485 537
485 538
485 539
485 540
485 541
485 542
485 543
485 544
485 545
484 546
484 547
484 548
484 549
484 550
484 551
484 552
484 553
484 554
484 555
484 556
484 557
484 558
484 559
484 560
484 561
484 562
484 563
484 564
484 565
484 566
484 567
484 568
484 569
484 570
484 571
484 572
484 573
484 574
484 575
484 576
484 577
484 578
484 579
484 580
484 581
484 582
484 583
484 584
484 585
483 586
483 587
483 588
483 589
483 590
483 591
483 592
483 593
483 594
483 595
483 596
483 597
483 598
483 599
483 600
483 601
483 602
483 603
483 604
-10 -10
308 676
309 676
310 676
311 676
312 676
313 676
314 676
315 676
316 676
317 676
318 676
319 676
320 676
321 676
322 676
323 676
324 676
325 676
326 676
327 676
328 676
329 676
330 676
331 676
332 676
333 676
334 676
335 676
336 676
337 676
338 676
339 676
340 676
341 676
342 676
343 676
344 676
345 676
346 676
347 676
348 676
349 676
350 676
351 676
352 676
353 676
354 676
355 676
356 676
357 676
358 676
359 676
360 676
361 676
362 676
363 676
364 676
365 676
366 676
367 676
368 676
369 676
370 676
371 676
372 676
373 676
374 676
375 676
376 676
377 676
378 676
379 676
380 676
381 676
382 676
383 676
384 676
385 676
386 676
387 676
388 676
389 676
390 676
391 676
392 676
393 676
394 676
395 676
396 676
397 676
398 676
399 676
400 676
401 676
402 676
403 676
404 676
405 676
406 676
407 676
408 676
409 676
410 676
411 676
412 676
413 676
414 676
415 676
416 676
417 676
418 676
419 676
420 676
421 676
422 676
423 676
424 676
425 676
426 676
427 676
428 676
429 676
430 676
431 676
432 676
433 676
434 676
435 676
436 676
437 676
438 676
439 676
440 676
441 676
442 676
443 676
444 676
445 676
446 676
447 676
448 676
449 676
450 676
451 676
452 676
453 676
454 676
455 676
456 676
457 676
458 676
459 676
460 676
461 676
462 676
463 676
464 676
465 676
466 676
467 676
468 676
469 676
470 676
471 676
472 676
473 676
474 676
475 676
476 676
477 676
478 676
479 676
480 676
481 676
482 676
483 676
484 676
485 676
486 676
487 676
488 676
489 676
490 676
491 676
492 676
493 676
494 676
495 676
496 676
497 676
498 676
499 676
500 676
501 676
502 676
503 676
504 676
505 676
506 676
507 676
508 676
509 676
510 676
511 676
512 676
513 676
514 676
515 676
516 676
517 676
518 676
519 676
520 676
521 676
522 676
523 676
524 676
525 676
526 676
527 676
528 676
529 676
530 676
531 676
532 676
533 676
534 676
535 676
536 676
537 676
538 676
539 676
540 676
541 676
542 676
543 676
-10 -10
305 878
306 878
307 878
308 878
309 878
310 878
311 878
312 878
313 878
314 878
315 878
316 878
317 878
318 878
319 878
320 878
321 878
322 878
323 878
324 878
325 878
326 878
327 878
328 878
329 878
330 878
331 878
332 878
333 878
334 878
335 878
336 878
337 878
338 878
339 878
340 878
341 878
342 878
343 878
344 878
345 878
346 878
347 878
348 878
349 878
350 878
351 878
352 878
353 878
354 878
355 878
356 878
357 878
358 878
359 878
360 878
361 878
362 878
363 879
364 879
365 879
366 879
367 879
368 879
369 879
370 879
371 879
372 879
373 879
374 879
375 879
376 879
377 879
378 879
379 879
380 879
381 879
382 879
383 879
384 879
385 879
386 879
387 879
388 879
389 879
390 879
391 879
392 879
393 879
394 879
395 879
396 879
397 879
398 879
399 879
400 879
401 879
402 879
403 879
404 879
405 879
406 879
407 879
408 879
409 879
410 879
411 879
412 879
413 879
414 879
415 879
416 879
417 879
418 879
419 879
420 879
421 879
422 879
423 879
424 879
425 879
426 879
427 879
428 879
429 879
430 879
431 879
432 879
433 879
434 879
435 879
436 879
437 879
438 879
439 879
440 879
441 879
442 879
443 879
444 879
445 879
446 879
447 879
448 879
449 879
450 879
451 879
452 879
453 879
454 879
455 879
456 879
457 879
458 879
459 879
460 879
461 879
462 879
463 879
464 879
465 879
466 879
467 879
468 879
469 879
470 879
471 879
472 879
473 879
474 879
475 879
476 879
477 880
478 880
479 880
480 880
481 880
482 880
483 880
484 880
485 880
486 880
487 880
488 880
489 880
490 880
491 880
492 880
493 880
494 880
495 880
496 880
497 880
498 880
499 880
500 880
501 880
502 880
503 880
504 880
505 880
506 880
507 880
508 880
509 880
510 880
511 880
512 880
513 880
514 880
515 880
516 880
517 880
518 880
519 880
520 880
521 880
522 880
523 880
524 880
525 880
526 880
527 880
528 880
529 880
530 880
531 880
532 880
-10 -10
