261 224
261 225
261 226
261 227
261 228
261 229
261 230
261 231
261 232
261 233
261 234
261 235
261 236
261 237
261 238
261 239
261 240
261 241
261 242
261 243
261 244
261 245
261 246
261 247
261 248
261 249
261 250
261 251
261 252
261 253
261 254
261 255
261 256
261 257
261 258
261 259
261 260
261 261
261 262
261 263
261 264
261 265
261 266
261 267
261 268
261 269
261 270
261 271
261 272
261 273
261 274
261 275
261 276
261 277
261 278
261 279
261 280
260 281
260 282
260 283
260 284
260 285
260 286
260 287
260 288
260 289
260 290
260 291
260 292
260 293
260 294
260 295
260 296
260 297
260 298
260 299
260 300
260 301
260 302
260 303
260 304
260 305
260 306
260 307
260 308
260 309
260 310
260 311
260 312
260 313
260 314
260 315
260 316
260 317
260 318
260 319
260 320
260 321
260 322
260 323
260 324
260 325
260 326
260 327
260 328
260 329
260 330
260 331
260 332
260 333
260 334
260 335
260 336
260 337
260 338
260 339
260 340
260 341
260 342
260 343
260 344
260 345
260 346
260 347
260 348
260 349
260 350
260 351
260 352
260 353
260 354
260 355
260 356
260 357
260 358
260 359
260 360
260 361
260 362
260 363
260 364
260 365
260 366
260 367
260 368
260 369
260 370
260 371
260 372
260 373
260 374
260 375
260 376
260 377
260 378
260 379
260 380
260 381
260 382
260 383
260 384
260 385
260 386
260 387
260 388
260 389
260 390
260 391
260 392
260 393
260 394
259 395
259 396
259 397
259 398
259 399
259 400
259 401
259 402
259 403
259 404
259 405
259 406
259 407
259 408
259 409
259 410
259 411
259 412
259 413
259 414
259 415
259 416
259 417
259 418
259 419
259 420
259 421
259 422
259 423
259 424
259 425
259 426
259 427
259 428
259 429
259 430
259 431
259 432
259 433
259 434
259 435
259 436
259 437
259 438
259 439
259 440
259 441
259 442
259 443
259 444
259 445
259 446
259 447
259 448
259 449
259 450
259 451
259 452
259 453
259 454
259 455
259 456
259 457
259 458
259 459
259 460
259 461
259 462
259 463
259 464
259 465
259 466
259 467
259 468
259 469
259 470
259 471
259 472
259 473
259 474
259 475
259 476
259 477
259 478
259 479
259 480
259 481
259 482
259 483
259 484
259 485
259 486
259 487
259 488
259 489
259 490
259 491
259 492
259 493
259 494
259 495
259 496
259 497
259 498
259 499
259 500
259 501
259 502
259 503
259 504
259 505
259 506
259 507
258 508
258 509
258 510
258 511
258 512
258 513
258 514
258 515
258 516
258 517
258 518
258 519
258 520
258 521
258 522
258 523
258 524
258 525
258 526
258 527
258 528
258 529
258 530
258 531
258 532
258 533
258 534
258 535
258 536
258 537
258 538
258 539
258 540
258 541
258 542
258 543
258 544
258 545
258 546
258 547
258 548
258 549
258 550
258 551
258 552
258 553
258 554
258 555
258 556
258 557
258 558
258 559
258 560
258 561
258 562
258 563
258 564
258 565
258 566
258 567
258 568
258 569
258 570
258 571
258 572
258 573
258 574
258 575
258 576
258 577
258 578
258 579
258 580
258 581
258 582
258 583
258 584
258 585
258 586
258 587
258 588
258 589
258 590
258 591
258 592
258 593
258 594
258 595
258 596
258 597
258 598
258 599
258 600
258 601
258 602
258 603
258 604
258 605
258 606
258 607
258 608
258 609
258 610
258 611
258 612
258 613
258 614
258 615
258 616
258 617
258 618
258 619
258 620
258 621
257 622
257 623
257 624
257 625
257 626
257 627
257 628
257 629
257 630
257 631
257 632
257 633
257 634
257 635
257 636
257 637
257 638
257 639
257 640
257 641
257 642
257 643
257 644
257 645
257 646
257 647
257 648
257 649
257 650
257 651
257 652
257 653
257 654
257 655
257 656
257 657
257 658
257 659
257 660
257 661
257 662
257 663
257 664
257 665
257 666
257 667
257 668
257 669
257 670
257 671
257 672
257 673
257 674
257 675
257 676
257 677
-10 -10
565 230
565 231
565 232
565 233
565 234
565 235
565 236
565 237
565 238
565 239
565 240
565 241
565 242
565 243
565 244
565 245
565 246
565 247
565 248
565 249
565 250
565 251
565 252
565 253
565 254
565 255
565 256
565 257
565 258
565 259
565 260
565 261
565 262
565 263
565 264
565 265
565 266
566 267
566 268
566 269
566 270
566 271
566 272
566 273
566 274
566 275
566 276
566 277
566 278
566 279
566 280
566 281
566 282
566 283
566 284
566 285
566 286
566 287
566 288
566 289
566 290
566 291
566 292
566 293
566 294
566 295
566 296
566 297
566 298
566 299
566 300
566 301
566 302
566 303
566 304
566 305
566 306
566 307
566 308
566 309
566 310
566 311
566 312
566 313
566 314
566 315
566 316
566 317
566 318
566 319
566 320
566 321
566 322
566 323
566 324
566 325
566 326
566 327
566 328
566 329
566 330
566 331
566 332
566 333
566 334
566 335
566 336
566 337
566 338
566 339
566 340
567 341
567 342
567 343
567 344
567 345
567 346
567 347
567 348
567 349
567 350
567 351
567 352
567 353
567 354
567 355
567 356
567 357
567 358
567 359
567 360
567 361
567 362
567 363
567 364
567 365
567 366
567 367
567 368
567 369
567 370
567 371
567 372
567 373
567 374
567 375
567 376
567 377
567 378
567 379
567 380
567 381
567 382
567 383
567 384
567 385
567 386
567 387
567 388
567 389
567 390
567 391
567 392
567 393
567 394
567 395
567 396
567 397
567 398
567 399
567 400
567 401
567 402
567 403
567 404
567 405
567 406
567 407
567 408
567 409
567 410
567 411
567 412
567 413
567 414
568 415
568 416
568 417
568 418
568 419
568 420
568 421
568 422
568 423
568 424
568 425
568 426
568 427
568 428
568 429
568 430
568 431
568 432
568 433
568 434
568 435
568 436
568 437
568 438
568 439
568 440
568 441
568 442
568 443
568 444
568 445
568 446
568 447
568 448
568 449
568 450
568 451
568 452
568 453
568 454
568 455
568 456
568 457
568 458
568 459
568 460
568 461
568 462
568 463
568 464
568 465
568 466
568 467
568 468
568 469
568 470
568 471
568 472
568 473
568 474
568 475
568 476
568 477
568 478
568 479
568 480
568 481
568 482
568 483
568 484
568 485
568 486
568 487
568 488
569 489
569 490
569 491
569 492
569 493
569 494
569 495
569 496
569 497
569 498
569 499
569 500
569 501
569 502
569 503
569 504
569 505
569 506
569 507
569 508
569 509
569 510
569 511
569 512
569 513
569 514
569 515
569 516
569 517
569 518
569 519
569 520
569 521
569 522
569 523
569 524
569 525
569 526
569 527
569 528
569 529
569 530
569 531
569 532
569 533
569 534
569 535
569 536
569 537
569 538
569 539
569 540
569 541
569 542
569 543
569 544
569 545
569 546
569 547
569 548
569 549
569 550
569 551
569 552
569 553
569 554
569 555
569 556
569 557
569 558
569 559
569 560
569 561
569 562
570 563
570 564
570 565
570 566
570 567
570 568
570 569
570 570
570 571
570 572
570 573
570 574
570 575
570 576
570 577
570 578
570 579
570 580
570 581
570 582
570 583
570 584
570 585
570 586
570 587
570 588
570 589
570 590
570 591
570 592
570 593
570 594
570 595
570 596
570 597
570 598
570 599
570 600
570 601
570 602
570 603
570 604
570 605
570 606
570 607
570 608
570 609
570 610
570 611
570 612
570 613
570 614
570 615
570 616
570 617
570 618
570 619
570 620
570 621
570 622
570 623
570 624
570 625
570 626
570 627
570 628
570 629
570 630
570 631
570 632
570 633
570 634
570 635
570 636
571 637
571 638
571 639
571 640
571 641
571 642
571 643
571 644
571 645
571 646
571 647
571 648
571 649
571 650
571 651
571 652
571 653
571 654
571 655
571 656
571 657
571 658
571 659
571 660
571 661
571 662
571 663
571 664
571 665
571 666
571 667
571 668
571 669
571 670
571 671
571 672
571 673
-10 -10
194 761
195 761
196 761
197 761
198 761
199 761
200 761
201 761
202 761
203 761
204 761
205 761
206 761
207 761
208 761
209 761
210 761
211 761
212 761
213 761
214 761
215 761
216 761
217 761
218 761
219 761
220 761
221 761
222 761
223 761
224 761
225 761
226 761
227 761
228 761
229 761
230 761
231 761
232 761
233 762
234 762
235 762
236 762
237 762
238 762
239 762
240 762
241 762
242 762
243 762
244 762
245 762
246 762
247 762
248 762
249 762
250 762
251 762
252 762
253 762
254 762
255 762
256 762
257 762
258 762
259 762
260 762
261 762
262 762
263 762
264 762
265 762
266 762
267 762
268 762
269 762
270 762
271 762
272 762
273 762
274 762
275 762
276 762
277 762
278 762
279 762
280 762
281 762
282 762
283 762
284 762
285 762
286 762
287 762
288 762
289 762
290 762
291 762
292 762
293 762
294 762
295 762
296 762
297 762
298 762
299 762
300 762
301 762
302 762
303 762
304 762
305 762
306 762
307 762
308 762
309 762
310 763
311 763
312 763
313 763
314 763
315 763
316 763
317 763
318 763
319 763
320 763
321 763
322 763
323 763
324 763
325 763
326 763
327 763
328 763
329 763
330 763
331 763
332 763
333 763
334 763
335 763
336 763
337 763
338 763
339 763
340 763
341 763
342 763
343 763
344 763
345 763
346 763
347 763
348 763
349 763
350 763
351 763
352 763
353 763
354 763
355 763
356 763
357 763
358 763
359 763
360 763
361 763
362 763
363 763
364 763
365 763
366 763
367 763
368 763
369 763
370 763
371 763
372 763
373 763
374 763
375 763
376 763
377 763
378 763
379 763
380 763
381 763
382 763
383 763
384 763
385 763
386 763
387 764
388 764
389 764
390 764
391 764
392 764
393 764
394 764
395 764
396 764
397 764
398 764
399 764
400 764
401 764
402 764
403 764
404 764
405 764
406 764
407 764
408 764
409 764
410 764
411 764
412 764
413 764
414 764
415 764
416 764
417 764
418 764
419 764
420 764
421 764
422 764
423 764
424 764
425 764
426 764
427 764
428 764
429 764
430 764
431 764
432 764
433 764
434 764
435 764
436 764
437 764
438 764
439 764
440 764
441 764
442 764
443 764
444 764
445 764
446 764
447 764
448 764
449 764
450 764
451 764
452 764
453 764
454 764
455 764
456 764
457 764
458 764
459 764
460 764
461 764
462 764
463 765
464 765
465 765
466 765
467 765
468 765
469 765
470 765
471 765
472 765
473 765
474 765
475 765
476 765
477 765
478 765
479 765
480 765
481 765
482 765
483 765
484 765
485 765
486 765
487 765
488 765
489 765
490 765
491 765
492 765
493 765
494 765
495 765
496 765
497 765
498 765
499 765
500 765
501 765
502 765
503 765
504 765
505 765
506 765
507 765
508 765
509 765
510 765
511 765
512 765
513 765
514 765
515 765
516 765
517 765
518 765
519 765
520 765
521 765
522 765
523 765
524 765
525 765
526 765
527 765
528 765
529 765
530 765
531 765
532 765
533 765
534 765
535 765
536 765
537 765
538 765
539 765
540 766
541 766
542 766
543 766
544 766
545 766
546 766
547 766
548 766
549 766
550 766
551 766
552 766
553 766
554 766
555 766
556 766
557 766
558 766
559 766
560 766
561 766
562 766
563 766
564 766
565 766
566 766
567 766
568 766
569 766
570 766
571 766
572 766
573 766
574 766
575 766
576 766
577 766
578 766
579 766
580 766
581 766
582 766
583 766
584 766
585 766
586 766
587 766
588 766
589 766
590 766
591 766
592 766
593 766
594 766
595 766
596 766
597 766
598 766
599 766
600 766
601 766
602 766
603 766
604 766
605 766
606 766
607 766
608 766
609 766
610 766
611 766
612 766
613 766
614 766
615 766
616 766
617 767
618 767
619 767
620 767
621 767
622 767
623 767
624 767
625 767
626 767
627 767
628 767
629 767
630 767
631 767
632 767
633 767
634 767
635 767
636 767
637 767
638 767
639 767
640 767
641 767
642 767
643 767
644 767
645 767
646 767
647 767
648 767
649 767
650 767
651 767
652 767
653 767
654 767
-10 -10
169 1063
170 1063
171 1063
172 1063
173 1063
174 1063
175 1063
176 1063
177 1063
178 1063
179 1063
180 1063
181 1063
182 1063
183 1063
184 1063
185 1063
186 1063
187 1063
188 1063
189 1063
190 1063
191 1063
192 1063
193 1063
194 1063
195 1063
196 1063
197 1063
198 1063
199 1064
200 1064
201 1064
202 1064
203 1064
204 1064
205 1064
206 1064
207 1064
208 1064
209 1064
210 1064
211 1064
212 1064
213 1064
214 1064
215 1064
216 1064
217 1064
218 1064
219 1064
220 1064
221 1064
222 1064
223 1064
224 1064
225 1064
226 1064
227 1064
228 1064
229 1064
230 1064
231 1064
232 1064
233 1064
234 1064
235 1064
236 1064
237 1064
238 1064
239 1064
240 1064
241 1064
242 1064
243 1064
244 1064
245 1064
246 1064
247 1064
248 1064
249 1064
250 1064
251 1064
252 1064
253 1064
254 1064
255 1064
256 1064
257 1064
258 1065
259 1065
260 1065
261 1065
262 1065
263 1065
264 1065
265 1065
266 1065
267 1065
268 1065
269 1065
270 1065
271 1065
272 1065
273 1065
274 1065
275 1065
276 1065
277 1065
278 1065
279 1065
280 1065
281 1065
282 1065
283 1065
284 1065
285 1065
286 1065
287 1065
288 1065
289 1065
290 1065
291 1065
292 1065
293 1065
294 1065
295 1065
296 1065
297 1065
298 1065
299 1065
300 1065
301 1065
302 1065
303 1065
304 1065
305 1065
306 1065
307 1065
308 1065
309 1065
310 1065
311 1065
312 1065
313 1065
314 1065
315 1065
316 1065
317 1066
318 1066
319 1066
320 1066
321 1066
322 1066
323 1066
324 1066
325 1066
326 1066
327 1066
328 1066
329 1066
330 1066
331 1066
332 1066
333 1066
334 1066
335 1066
336 1066
337 1066
338 1066
339 1066
340 1066
341 1066
342 1066
343 1066
344 1066
345 1066
346 1066
347 1066
348 1066
349 1066
350 1066
351 1066
352 1066
353 1066
354 1066
355 1066
356 1066
357 1066
358 1066
359 1066
360 1066
361 1066
362 1066
363 1066
364 1066
365 1066
366 1066
367 1066
368 1066
369 1066
370 1066
371 1066
372 1066
373 1066
374 1066
375 1066
376 1067
377 1067
378 1067
379 1067
380 1067
381 1067
382 1067
383 1067
384 1067
385 1067
386 1067
387 1067
388 1067
389 1067
390 1067
391 1067
392 1067
393 1067
394 1067
395 1067
396 1067
397 1067
398 1067
399 1067
400 1067
401 1067
402 1067
403 1067
404 1067
405 1067
406 1067
407 1067
408 1067
409 1067
410 1067
411 1067
412 1067
413 1067
414 1067
415 1067
416 1067
417 1067
418 1067
419 1067
420 1067
421 1067
422 1067
423 1067
424 1067
425 1067
426 1067
427 1067
428 1067
429 1067
430 1067
431 1067
432 1067
433 1067
434 1067
435 1067
436 1068
437 1068
438 1068
439 1068
440 1068
441 1068
442 1068
443 1068
444 1068
445 1068
446 1068
447 1068
448 1068
449 1068
450 1068
451 1068
452 1068
453 1068
454 1068
455 1068
456 1068
457 1068
458 1068
459 1068
460 1068
461 1068
462 1068
463 1068
464 1068
465 1068
466 1068
467 1068
468 1068
469 1068
470 1068
471 1068
472 1068
473 1068
474 1068
475 1068
476 1068
477 1068
478 1068
479 1068
480 1068
481 1068
482 1068
483 1068
484 1068
485 1068
486 1068
487 1068
488 1068
489 1068
490 1068
491 1068
492 1068
493 1068
494 1068
495 1069
496 1069
497 1069
498 1069
499 1069
500 1069
501 1069
502 1069
503 1069
504 1069
505 1069
506 1069
507 1069
508 1069
509 1069
510 1069
511 1069
512 1069
513 1069
514 1069
515 1069
516 1069
517 1069
518 1069
519 1069
520 1069
521 1069
522 1069
523 1069
524 1069
525 1069
526 1069
527 1069
528 1069
529 1069
530 1069
531 1069
532 1069
533 1069
534 1069
535 1069
536 1069
537 1069
538 1069
539 1069
540 1069
541 1069
542 1069
543 1069
544 1069
545 1069
546 1069
547 1069
548 1069
549 1069
550 1069
551 1069
552 1069
553 1069
554 1070
555 1070
556 1070
557 1070
558 1070
559 1070
560 1070
561 1070
562 1070
563 1070
564 1070
565 1070
566 1070
567 1070
568 1070
569 1070
570 1070
571 1070
572 1070
573 1070
574 1070
575 1070
576 1070
577 1070
578 1070
579 1070
580 1070
581 1070
582 1070
583 1070
584 1070
585 1070
586 1070
587 1070
588 1070
589 1070
590 1070
591 1070
592 1070
593 1070
594 1070
595 1070
596 1070
597 1070
598 1070
599 1070
600 1070
601 1070
602 1070
603 1070
604 1070
605 1070
606 1070
607 1070
608 1070
609 1070
610 1070
611 1070
612 1070
613 1071
614 1071
615 1071
616 1071
617 1071
618 1071
619 1071
620 1071
621 1071
622 1071
623 1071
624 1071
625 1071
626 1071
627 1071
628 1071
629 1071
630 1071
631 1071
632 1071
633 1071
634 1071
635 1071
636 1071
637 1071
638 1071
639 1071
640 1071
641 1071
-10 -10
