357 236
357 237
357 238
357 239
357 240
357 241
357 242
357 243
357 244
357 245
357 246
357 247
357 248
357 249
357 250
357 251
357 252
357 253
357 254
357 255
357 256
357 257
357 258
357 259
357 260
357 261
357 262
357 263
357 264
357 265
357 266
357 267
357 268
357 269
357 270
357 271
357 272
357 273
357 274
357 275
357 276
357 277
357 278
357 279
357 280
357 281
357 282
357 283
357 284
357 285
357 286
357 287
357 288
357 289
357 290
357 291
357 292
357 293
357 294
357 295
357 296
357 297
357 298
357 299
357 300
357 301
357 302
357 303
357 304
357 305
357 306
357 307
357 308
357 309
-10 -10
576 232
576 233
576 234
576 235
576 236
576 237
576 238
576 239
576 240
576 241
576 242
576 243
576 244
576 245
576 246
576 247
576 248
576 249
576 250
576 251
576 252
576 253
576 254
576 255
576 256
576 257
576 258
576 259
576 260
576 261
576 262
576 263
576 264
576 265
576 266
576 267
576 268
576 269
576 270
576 271
576 272
576 273
576 274
576 275
576 276
576 277
576 278
576 279
576 280
576 281
576 282
576 283
576 284
576 285
576 286
576 287
576 288
576 289
576 290
576 291
576 292
576 293
576 294
576 295
576 296
576 297
576 298
576 299
576 300
576 301
576 302
576 303
576 304
576 305
576 306
576 307
576 308
576 309
576 310
576 311
576 312
576 313
576 314
576 315
576 316
576 317
576 318
576 319
576 320
-10 -10
374 354
375 354
376 354
377 354
378 354
379 354
380 354
381 354
382 354
383 354
384 354
385 354
386 354
387 354
388 354
389 354
390 354
391 354
392 354
393 354
394 354
395 354
396 354
397 354
398 354
399 354
400 354
401 354
402 354
403 354
404 354
405 354
406 354
407 354
408 354
409 354
410 354
411 354
412 354
413 354
414 354
415 354
416 354
417 354
418 354
419 354
420 354
421 354
422 354
423 354
424 354
425 354
426 354
427 354
428 354
429 354
430 354
431 354
432 354
433 354
434 354
435 354
436 354
437 354
438 354
439 354
440 354
441 354
442 354
443 354
444 354
445 354
446 354
447 354
448 354
449 354
450 354
451 354
452 354
453 354
454 354
455 354
456 354
457 354
458 354
459 354
460 354
461 354
462 354
463 354
464 354
465 354
466 354
467 354
468 354
469 354
470 354
471 354
472 354
473 354
474 354
475 354
476 354
477 354
478 354
479 354
480 354
481 354
482 354
483 354
484 354
485 354
486 354
487 354
488 354
489 354
490 354
491 354
492 354
493 354
494 354
495 354
496 354
497 354
498 354
499 354
500 354
501 354
502 354
503 354
504 354
505 354
506 354
507 354
508 354
509 354
510 354
511 354
512 354
513 354
514 354
515 354
516 354
517 354
518 354
519 354
520 354
521 354
522 354
523 354
524 354
525 354
526 354
527 354
528 354
529 354
530 354
531 354
532 354
533 354
534 354
535 354
536 354
537 354
538 354
539 354
540 354
541 354
542 354
543 354
544 354
545 354
546 354
547 354
548 354
549 354
550 354
551 354
552 354
553 354
554 354
555 354
556 354
557 354
558 354
559 354
560 354
561 354
562 354
563 354
564 354
565 354
566 354
567 354
568 354
569 354
570 354
571 354
572 354
573 354
574 354
575 354
576 354
577 354
578 354
579 354
580 354
581 354
582 354
583 354
584 354
585 354
586 354
587 354
588 354
589 354
590 354
591 354
592 354
593 354
594 354
595 354
596 354
597 354
598 354
599 354
600 354
601 354
602 354
603 354
604 354
605 354
606 354
607 354
608 354
609 354
610 354
611 354
612 354
613 354
614 354
615 354
616 354
617 354
618 354
619 354
620 354
621 354
622 354
623 354
624 354
625 354
626 354
-10 -10
355 434
356 434
357 434
358 434
359 434
360 434
361 434
362 434
363 434
364 434
365 434
366 434
367 434
368 434
369 434
370 434
371 434
372 434
373 434
374 434
375 434
376 434
377 434
378 434
379 434
380 434
381 434
382 434
383 434
384 434
385 434
386 434
387 434
388 434
389 434
390 434
391 434
392 434
393 434
394 434
395 434
396 434
397 434
398 434
399 434
400 434
401 434
402 434
403 434
404 434
405 434
406 434
407 434
408 434
409 434
410 434
411 434
412 434
413 434
414 434
415 434
416 434
417 434
418 434
419 434
420 434
421 434
422 434
423 434
424 434
425 434
426 434
427 434
428 434
429 434
430 434
431 434
432 434
433 434
434 434
435 434
436 434
437 434
438 434
439 434
440 434
441 434
442 434
443 434
444 434
445 434
446 434
447 434
448 434
449 434
450 434
451 434
452 434
453 434
454 434
455 434
456 434
457 434
458 434
459 434
460 434
461 434
462 434
463 434
464 434
465 434
466 434
467 434
468 434
469 434
470 434
471 434
472 434
473 434
474 434
475 434
476 434
477 434
478 434
479 434
480 434
481 434
482 434
483 434
484 434
485 434
486 434
487 434
488 434
489 434
490 434
491 434
492 434
493 434
494 434
495 434
496 434
497 434
498 434
499 434
500 434
501 434
502 434
503 434
504 434
505 434
506 434
507 434
508 434
509 434
510 434
511 434
512 434
513 434
514 434
515 434
516 434
517 434
518 434
519 434
520 434
521 434
522 434
523 434
524 434
525 434
526 434
527 434
528 434
529 434
530 434
531 434
532 434
533 434
534 434
535 434
536 434
537 434
538 434
539 434
540 434
541 434
542 434
543 434
544 434
545 434
546 434
547 434
548 434
549 434
550 434
551 434
552 434
553 434
554 434
555 434
556 434
557 434
558 434
559 434
560 434
561 434
562 434
563 434
564 434
565 434
566 434
567 434
568 434
569 434
570 434
571 434
572 434
573 434
574 434
575 434
576 434
577 434
578 434
579 434
580 434
581 434
582 434
583 434
584 434
585 434
586 434
587 434
588 434
589 434
590 434
591 434
592 434
593 434
594 434
595 434
596 434
597 434
598 434
599 434
600 434
601 434
602 434
603 434
604 434
605 434
606 434
607 434
608 434
609 434
610 434
611 434
612 434
613 434
614 434
615 434
-10 -10
